EP:1
NA:4
IP:1,7,7;2,7,1;3,1,1;4,1,7
AC:1,0;2,0;3,0;4,0
BO:2;0
AC:1,0;2,0;3,0;4,0
BO:3;0
AC:1,0;2,0;3,0;4,0
BO:4;0
AC:1,0;2,0;3,0;4,0
BO:5;0
AC:1,4;2,0;3,0;4,0
BO:6;0
AC:1,4;2,0;3,0;4,0
BO:7;0
AC:1,3;2,0;3,0;4,0
BO:8;0
AC:1,3;2,0;3,0;4,0
BO:9;0
AC:1,3;2,0;3,0;4,0
BO:10;0
AC:1,3;2,0;3,0;4,0
BO:11;0
AC:1,3;2,0;3,0;4,0
BO:12;0
AC:1,0;2,0;3,0;4,0
BO:13;0
AC:1,5;2,0;3,0;4,0
BO:14;0
AC:1,5;2,0;3,0;4,0
BO:15;0
AC:1,4;2,0;3,0;4,0
BO:16;0
AC:1,4;2,0;3,0;4,0
BO:17;0
AC:1,4;2,0;3,0;4,0
BO:18;0
AC:1,4;2,0;3,0;4,0
BO:19;0
AC:1,4;2,0;3,0
BO:20;0
AC:1,2;2,0;3,0
BO:21;0
AC:1,2;2,0;3,0
BO:22;0
AC:1,2;2,0;3,0
BO:23;0
AC:1,2;2,0;3,0
BO:24;0
AC:1,2;2,0;3,0
BO:25;0
AC:1,2;2,0;3,0
BO:26;0
AC:1,5;2,0;3,0
BO:27;0
AC:1,0;2,0;3,0
BO:28;0
AC:1,0;2,0;3,0
BO:29;0
AC:1,3;2,0;3,0
BO:30;0
AC:1,3;2,0;3,0
BO:31;0
AC:1,3;2,0;3,0
BO:32;0
AC:1,3;3,0
BO:33;0
AC:1,3;3,0
BO:34;0
AC:1,3;3,0
BO:35;0
AC:1,3;3,0
BO:36;0
AC:1,5;3,0
BO:37;0
AC:1,5;3,0
BO:38;0
AC:1,1;3,0
BO:39;0
AC:1,1;3,0
BO:40;0
AC:1,1;3,0
BO:41;0
AC:1,1;3,0
BO:42;0
AC:1,1
BO:43;0
EP:2
NA:4
IP:1,1,1;2,1,7;3,7,1;4,7,7
AC:1,0;2,0;3,0;4,0
BO:2;0
AC:1,0;2,0;3,0;4,0
BO:3;0
AC:1,0;2,0;3,0;4,0
BO:4;0
AC:1,0;2,0;3,0;4,0
BO:5;0
AC:1,0;2,0;3,0;4,0
BO:6;0
AC:1,4;2,0;3,0;4,0
BO:7;0
AC:1,0;2,0;3,0;4,0
BO:8;0
AC:1,0;2,0;3,0;4,0
BO:9;0
AC:1,0;2,0;3,0;4,0
BO:10;0
AC:1,4;2,0;3,0;4,0
BO:11;0
AC:1,4;2,0;3,0;4,0
BO:12;0
AC:1,4;2,0;3,0;4,0
BO:13;0
AC:1,4;2,0;3,0;4,0
BO:14;0
AC:1,4;2,0;3,0;4,0
BO:15;0
AC:1,4;2,0;3,0;4,0
BO:16;0
AC:1,0;2,0;3,0;4,0
BO:17;0
AC:1,1;2,0;3,0;4,0
BO:18;0
AC:1,1;2,0;3,0;4,0
BO:19;0
AC:1,0;2,0;3,0;4,0
BO:20;0
AC:1,2;2,0;3,0;4,0
BO:21;0
AC:1,2;2,0;3,0;4,0
BO:22;0
AC:1,2;2,0;3,0;4,0
BO:23;0
AC:1,0;2,0;3,0;4,0
BO:24;0
AC:1,5;2,0;3,0;4,0
BO:25;0
AC:1,5;2,0;3,0;4,0
BO:26;0
AC:1,3;2,0;3,0;4,0
BO:27;0
AC:1,3;2,0;3,0;4,0
BO:28;0
AC:1,3;2,0;3,0;4,0
BO:29;0
AC:1,3;2,0;3,0;4,0
BO:30;0
AC:1,3;2,0;4,0
BO:31;0
AC:1,3;2,0;4,0
BO:32;0
AC:1,3;2,0;4,0
BO:33;0
AC:1,0;2,0;4,0
BO:34;0
AC:1,1;2,0;4,0
BO:35;0
AC:1,1;2,0;4,0
BO:36;0
AC:1,1;2,0;4,0
BO:37;0
AC:1,1;2,0;4,0
BO:38;0
AC:1,1;2,0;4,0
BO:39;0
AC:1,1;2,0;4,0
BO:40;0
AC:1,1;2,0;4,0
BO:41;0
AC:1,0;2,0;4,0
BO:42;0
AC:1,5;2,0;4,0
BO:43;0
AC:1,0;2,0;4,0
BO:44;0
AC:1,4;2,0;4,0
BO:45;0
AC:1,4;2,0;4,0
BO:46;0
AC:1,4;2,0;4,0
BO:47;0
AC:1,4;2,0;4,0
BO:48;0
AC:1,4;4,0
BO:49;0
AC:1,0;4,0
BO:50;0
AC:1,0;4,0
BO:51;0
AC:1,4;4,0
BO:52;0
AC:1,4;4,0
BO:53;0
AC:1,0;4,0
BO:54;0
AC:1,5;4,0
BO:55;0
AC:1,5;4,0
BO:56;0
AC:1,0;4,0
BO:57;0
AC:1,3;4,0
BO:58;0
AC:1,3;4,0
BO:59;0
AC:1,3;4,0
BO:60;0
AC:1,3
BO:61;0
EP:3
NA:4
IP:1,1,7;2,7,7;3,7,1;4,1,1
AC:1,0;2,0;3,0;4,0
BO:2;0
AC:1,0;2,0;3,0;4,0
BO:3;0
AC:1,0;2,0;3,0;4,0
BO:4;0
AC:1,0;2,0;3,0;4,0
BO:5;0
AC:1,0;2,0;3,0;4,0
BO:6;0
AC:1,0;2,0;3,0;4,0
BO:7;0
AC:1,0;2,0;3,0;4,0
BO:8;0
AC:1,0;2,0;3,0;4,0
BO:9;0
AC:1,0;2,0;3,0;4,0
BO:10;0
AC:1,0;2,0;3,0;4,0
BO:11;0
AC:1,0;2,0;3,0;4,0
BO:12;0
AC:1,0;2,0;3,0;4,0
BO:13;0
AC:1,4;2,0;3,0;4,0
BO:14;0
AC:1,4;2,0;3,0;4,0
BO:15;0
AC:1,2;2,0;3,0;4,0
BO:16;0
AC:1,2;2,0;3,0;4,0
BO:17;0
AC:1,2;2,0;3,0;4,0
BO:18;0
AC:1,4;2,0;3,0;4,0
BO:19;0
AC:1,4;2,0;3,0;4,0
BO:20;0
AC:1,4;2,0;3,0;4,0
BO:21;0
AC:1,0;2,0;3,0;4,0
BO:22;0
AC:1,2;2,0;3,0;4,0
BO:23;0
AC:1,4;2,0;3,0;4,0
BO:24;0
AC:1,4;2,0;3,0;4,0
BO:25;0
AC:1,4;2,0;3,0;4,0
BO:26;0
AC:1,4;2,0;3,0;4,0
BO:27;0
AC:1,4;2,0;3,0;4,0
BO:28;0
AC:1,5;2,0;3,0;4,0
BO:29;0
AC:1,5;2,0;3,0;4,0
BO:30;0
AC:1,3;2,0;3,0;4,0
BO:31;0
AC:1,3;2,0;3,0;4,0
BO:32;0
AC:1,3;2,0;3,0;4,0
BO:33;0
AC:1,3;2,0;3,0;4,0
BO:34;0
AC:1,3;2,0;4,0
BO:35;0
AC:1,3;2,0;4,0
BO:36;0
AC:1,0;2,0;4,0
BO:37;0
AC:1,5;2,0;4,0
BO:38;0
AC:1,5;2,0;4,0
BO:39;0
AC:1,4;2,0;4,0
BO:40;0
AC:1,4;2,0;4,0
BO:41;0
AC:1,4;2,0;4,0
BO:42;0
AC:1,4;2,0;4,0
BO:43;0
AC:1,4;2,0
BO:44;0
AC:1,4;2,0
BO:45;0
AC:1,4;2,0
BO:46;0
AC:1,4;2,0
BO:47;0
AC:1,1;2,0
BO:48;0
AC:1,1;2,0
BO:49;0
AC:1,1;2,0
BO:50;0
AC:1,1;2,0
BO:51;0
AC:1,0;2,0
BO:52;0
AC:1,5;2,0
BO:53;0
AC:1,3;2,0
BO:54;0
AC:1,3;2,0
BO:55;0
AC:1,3;2,0
BO:56;0
AC:1,3;2,0
BO:57;0
AC:1,3;2,0
BO:58;0
AC:1,0
BO:59;0
END
