EP:1
NA:4
IP:1,7,7;2,7,1;3,1,1;4,1,7
AC:1,4;2,0;3,0;4,0
BO:2;0
AC:1,4;2,0;3,0;4,0
BO:3;0
AC:1,0;2,0;3,0;4,0
BO:4;0
AC:1,0;2,0;3,0;4,0
BO:5;0
AC:1,2;2,0;3,0;4,0
BO:6;0
AC:1,2;2,0;3,0;4,0
BO:7;0
AC:1,5;2,0;3,0;4,0
BO:8;0
AC:1,0;2,0;3,0;4,0
BO:9;0
AC:1,1;2,0;3,0;4,0
BO:10;0
AC:1,3;2,0;3,0;4,0
BO:11;0
AC:1,3;2,0;3,0;4,0
BO:12;0
AC:1,0;2,0;3,0;4,0
BO:13;0
AC:1,0;2,0;3,0;4,0
BO:14;0
AC:1,0;2,0;3,0;4,0
BO:15;0
AC:1,5;2,0;3,0;4,0
BO:16;0
AC:1,0;2,0;3,0;4,0
BO:17;0
AC:1,4;2,0;3,0;4,0
BO:18;0
AC:1,2;2,0;3,0;4,0
BO:19;0
AC:1,2;2,0;3,0;4,0
BO:20;0
AC:1,0;2,0;3,0;4,0
BO:21;0
AC:1,0;2,0;3,0;4,0
BO:22;0
AC:1,0;2,0;3,0;4,0
BO:23;0
AC:1,5;2,0;3,0;4,0
BO:24;0
AC:1,0;2,0;3,0;4,0
BO:25;0
AC:1,1;2,0;3,0;4,0
BO:26;0
AC:1,1;2,0;3,0;4,0
BO:27;0
AC:1,3;2,0;3,0;4,0
BO:28;0
AC:1,3;2,0;3,0;4,0
BO:29;0
AC:1,0;2,0;3,0;4,0
BO:30;0
AC:1,0;2,0;3,0;4,0
BO:31;0
AC:1,0;2,0;3,0;4,0
BO:32;0
AC:1,5;2,0;3,0;4,0
BO:33;0
AC:1,0;2,0;3,0;4,0
BO:34;0
AC:1,4;2,0;3,0;4,0
BO:35;0
AC:1,4;2,0;3,0;4,0
BO:36;0
AC:1,2;2,0;3,0;4,0
BO:37;0
AC:1,2;2,0;3,0;4,0
BO:38;0
AC:1,2;2,0;3,0;4,0
BO:39;0
AC:1,0;2,0;3,0;4,0
BO:40;0
AC:1,5;2,0;3,0;4,0
BO:41;0
AC:1,5;2,0;3,0;4,0
BO:42;0
AC:1,1;2,0;3,0;4,0
BO:43;0
AC:1,1;2,0;3,0;4,0
BO:44;0
AC:1,1;2,0;3,0;4,0
BO:45;0
AC:1,3;2,0;3,0;4,0
BO:46;0
AC:1,3;2,0;3,0;4,0
BO:47;0
AC:1,3;2,0;3,0;4,0
BO:48;0
AC:1,0;2,0;3,0;4,0
BO:49;0
AC:1,5;2,0;3,0;4,0
BO:50;0
AC:1,0;2,0;3,0;4,0
BO:51;0
AC:1,4;2,0;3,0;4,0
BO:52;0
AC:1,4;2,0;3,0;4,0
BO:53;0
AC:1,4;2,0;3,0;4,0
BO:54;0
AC:1,2;2,0;3,0;4,0
BO:55;0
AC:1,2;2,0;3,0;4,0
BO:56;0
AC:1,2;2,0;3,0;4,0
BO:57;0
AC:1,2;2,0;3,0;4,0
BO:58;0
AC:1,2;2,0;3,0;4,0
BO:59;0
AC:1,0;2,0;3,0;4,0
BO:60;0
AC:1,5;2,0;3,0;4,0
BO:61;0
AC:1,1;2,0;3,0;4,0
BO:62;0
AC:1,1;2,0;3,0;4,0
BO:63;0
AC:1,1;2,0;3,0;4,0
BO:64;0
AC:1,1;2,0;3,0;4,0
BO:65;0
AC:1,1;2,0;3,0;4,0
BO:66;0
AC:1,3;3,0;4,0
BO:67;0
AC:1,3;3,0;4,0
BO:68;0
AC:1,3;3,0;4,0
BO:69;0
AC:1,3;3,0;4,0
BO:70;0
AC:1,0;3,0;4,0
BO:71;0
AC:1,5;3,0;4,0
BO:72;0
AC:1,4;3,0;4,0
BO:73;0
AC:1,4;3,0;4,0
BO:74;0
AC:1,4;3,0;4,0
BO:75;0
AC:1,4;3,0;4,0
BO:76;0
AC:1,2;3,0;4,0
BO:77;0
AC:1,2;3,0
BO:78;0
AC:1,2;3,0
BO:79;0
AC:1,2;3,0
BO:80;0
AC:1,2;3,0
BO:81;0
AC:1,2;3,0
BO:82;0
AC:1,3;3,0
BO:83;0
AC:1,0;3,0
BO:84;0
AC:1,5;3,0
BO:85;0
AC:1,0;3,0
BO:86;0
AC:1,4;3,0
BO:87;0
AC:1,1;3,0
BO:88;0
AC:1,1;3,0
BO:89;0
AC:1,1;3,0
BO:90;0
AC:1,1;3,0
BO:91;0
AC:1,0;3,0
BO:92;0
AC:1,2;3,0
BO:93;0
AC:1,2;3,0
BO:94;0
AC:1,2;3,0
BO:95;0
AC:1,2;3,0
BO:96;0
AC:1,3;3,0
BO:97;0
AC:1,3;3,0
BO:98;0
AC:1,5;3,0
BO:99;0
AC:1,5;3,0
BO:100;0
AC:1,4;3,0
BO:101;0
AC:1,4;3,0
BO:102;0
AC:1,1;3,0
BO:103;0
AC:1,0;3,0
BO:104;0
AC:1,0;3,0
BO:105;0
AC:1,0;3,0
BO:106;0
AC:1,2;3,0
BO:107;0
AC:1,3;3,0
BO:108;0
AC:1,3;3,0
BO:109;0
AC:1,3;3,0
BO:110;0
AC:1,5;3,0
BO:111;0
AC:1,5;3,0
BO:112;0
AC:1,4;3,0
BO:113;0
AC:1,4;3,0
BO:114;0
AC:1,4;3,0
BO:115;0
AC:1,1;3,0
BO:116;0
AC:1,0;3,0
BO:117;0
AC:1,0;3,0
BO:118;0
AC:1,0;3,0
BO:119;0
AC:1,2;3,0
BO:120;0
AC:1,3;3,0
BO:121;0
AC:1,3;3,0
BO:122;0
AC:1,3;3,0
BO:123;0
AC:1,3;3,0
BO:124;0
AC:1,0;3,0
BO:125;0
AC:1,0;3,0
BO:126;0
AC:1,5;3,0
BO:127;0
AC:1,0;3,0
BO:128;0
AC:1,4;3,0
BO:129;0
AC:1,4;3,0
BO:130;0
AC:1,4;3,0
BO:131;0
AC:1,4;3,0
BO:132;0
AC:1,0
BO:133;0
EP:2
NA:4
IP:1,7,1;2,1,7;3,7,7;4,1,1
AC:1,0;2,0;3,0;4,0
BO:2;0
AC:1,0;2,0;3,0;4,0
BO:3;0
AC:1,3;2,0;3,0;4,0
BO:4;0
AC:1,0;2,0;3,0;4,0
BO:5;0
AC:1,5;2,0;3,0;4,0
BO:6;0
AC:1,5;2,0;3,0;4,0
BO:7;0
AC:1,4;2,0;3,0;4,0
BO:8;0
AC:1,1;2,0;3,0;4,0
BO:9;0
AC:1,0;2,0;3,0;4,0
BO:10;0
AC:1,0;2,0;3,0;4,0
BO:11;0
AC:1,0;2,0;3,0;4,0
BO:12;0
AC:1,0;2,0;3,0;4,0
BO:13;0
AC:1,0;2,0;3,0;4,0
BO:14;0
AC:1,5;2,0;3,0;4,0
BO:15;0
AC:1,0;2,0;3,0;4,0
BO:16;0
AC:1,2;2,0;3,0;4,0
BO:17;0
AC:1,3;2,0;3,0;4,0
BO:18;0
AC:1,3;2,0;3,0;4,0
BO:19;0
AC:1,0;2,0;3,0;4,0
BO:20;0
AC:1,0;2,0;3,0;4,0
BO:21;0
AC:1,0;2,0;3,0;4,0
BO:22;0
AC:1,5;2,0;3,0;4,0
BO:23;0
AC:1,0;2,0;3,0;4,0
BO:24;0
AC:1,4;2,0;3,0;4,0
BO:25;0
AC:1,4;2,0;3,0;4,0
BO:26;0
AC:1,1;2,0;3,0;4,0
BO:27;0
AC:1,1;2,0;3,0;4,0
BO:28;0
AC:1,0;2,0;3,0;4,0
BO:29;0
AC:1,0;2,0;3,0;4,0
BO:30;0
AC:1,5;2,0;3,0;4,0
BO:31;0
AC:1,0;2,0;3,0;4,0
BO:32;0
AC:1,2;2,0;3,0;4,0
BO:33;0
AC:1,2;2,0;3,0;4,0
BO:34;0
AC:1,3;2,0;3,0;4,0
BO:35;0
AC:1,3;2,0;3,0;4,0
BO:36;0
AC:1,3;2,0;3,0;4,0
BO:37;0
AC:1,0;2,0;3,0;4,0
BO:38;0
AC:1,0;2,0;3,0;4,0
BO:39;0
AC:1,5;2,0;3,0;4,0
BO:40;0
AC:1,0;2,0;3,0;4,0
BO:41;0
AC:1,4;2,0;3,0;4,0
BO:42;0
AC:1,4;2,0;3,0;4,0
BO:43;0
AC:1,4;2,0;3,0;4,0
BO:44;0
AC:1,1;2,0;3,0;4,0
BO:45;0
AC:1,1;2,0;3,0;4,0
BO:46;0
AC:1,0;2,0;3,0;4,0
BO:47;0
AC:1,5;2,0;3,0;4,0
BO:48;0
AC:1,0;2,0;3,0;4,0
BO:49;0
AC:1,2;2,0;3,0;4,0
BO:50;0
AC:1,2;2,0;3,0;4,0
BO:51;0
AC:1,3;2,0;3,0;4,0
BO:52;0
AC:1,3;2,0;3,0;4,0
BO:53;0
AC:1,0;2,0;3,0;4,0
BO:54;0
AC:1,0;2,0;3,0;4,0
BO:55;0
AC:1,1;2,0;3,0;4,0
BO:56;0
AC:1,1;2,0;3,0;4,0
BO:57;0
AC:1,0;2,0;3,0;4,0
BO:58;0
AC:1,5;2,0;3,0;4,0
BO:59;0
AC:1,0;2,0;3,0;4,0
BO:60;0
AC:1,4;2,0;3,0;4,0
BO:61;0
AC:1,4;2,0;3,0;4,0
BO:62;0
AC:1,2;2,0;3,0;4,0
BO:63;0
AC:1,2;2,0;3,0;4,0
BO:64;0
AC:1,0;2,0;3,0;4,0
BO:65;0
AC:1,0;2,0;3,0;4,0
BO:66;0
AC:1,3;2,0;3,0;4,0
BO:67;0
AC:1,3;2,0;3,0;4,0
BO:68;0
AC:1,1;2,0;3,0;4,0
BO:69;0
AC:1,1;2,0;3,0;4,0
BO:70;0
AC:1,0;2,0;3,0;4,0
BO:71;0
AC:1,5;2,0;3,0;4,0
BO:72;0
AC:1,0;2,0;3,0;4,0
BO:73;0
AC:1,4;2,0;3,0;4,0
BO:74;0
AC:1,4;2,0;3,0;4,0
BO:75;0
AC:1,2;2,0;3,0;4,0
BO:76;0
AC:1,0;2,0;3,0;4,0
BO:77;0
AC:1,0;2,0;3,0;4,0
BO:78;0
AC:1,0;2,0;3,0;4,0
BO:79;0
AC:1,0;2,0;3,0;4,0
BO:80;0
AC:1,1;2,0;3,0;4,0
BO:81;0
AC:1,3;2,0;3,0;4,0
BO:82;0
AC:1,3;2,0;3,0;4,0
BO:83;0
AC:1,1;2,0;3,0;4,0
BO:84;0
AC:1,1;2,0;3,0;4,0
BO:85;0
AC:1,0;2,0;3,0;4,0
BO:86;0
AC:1,5;2,0;3,0;4,0
BO:87;0
AC:1,2;2,0;3,0;4,0
BO:88;0
AC:1,2;2,0;3,0;4,0
BO:89;0
AC:1,2;2,0;3,0;4,0
BO:90;0
AC:1,2;2,0;3,0;4,0
BO:91;0
AC:1,0;2,0;3,0;4,0
BO:92;0
AC:1,0;2,0;3,0;4,0
BO:93;0
AC:1,0;2,0;3,0;4,0
BO:94;0
AC:1,1;2,0;3,0;4,0
BO:95;0
AC:1,1;2,0;3,0;4,0
BO:96;0
AC:1,3;2,0;3,0;4,0
BO:97;0
AC:1,3;2,0;3,0;4,0
BO:98;0
AC:1,0;2,0;3,0;4,0
BO:99;0
AC:1,5;2,0;3,0;4,0
BO:100;0
AC:1,0;2,0;3,0;4,0
BO:101;0
AC:1,4;2,0;3,0;4,0
BO:102;0
AC:1,4;2,0;3,0;4,0
BO:103;0
AC:1,4;2,0;3,0;4,0
BO:104;0
AC:1,4;2,0;3,0;4,0
BO:105;0
AC:1,0;2,0;3,0;4,0
BO:106;0
AC:1,0;2,0;3,0;4,0
BO:107;0
AC:1,3;2,0;3,0;4,0
BO:108;0
AC:1,3;2,0;3,0;4,0
BO:109;0
AC:1,0;2,0;3,0;4,0
BO:110;0
AC:1,1;2,0;3,0;4,0
BO:111;0
AC:1,1;2,0;3,0;4,0
BO:112;0
AC:1,0;2,0;3,0;4,0
BO:113;0
AC:1,0;2,0;3,0;4,0
BO:114;0
AC:1,5;2,0;3,0;4,0
BO:115;0
AC:1,2;2,0;3,0;4,0
BO:116;0
AC:1,2;2,0;3,0;4,0
BO:117;0
AC:1,3;2,0;3,0;4,0
BO:118;0
AC:1,3;2,0;3,0;4,0
BO:119;0
AC:1,3;2,0;3,0;4,0
BO:120;0
AC:1,0;2,0;3,0;4,0
BO:121;0
AC:1,4;2,0;3,0;4,0
BO:122;0
AC:1,0;2,0;3,0;4,0
BO:123;0
AC:1,0;2,0;3,0;4,0
BO:124;0
AC:1,0;2,0;3,0;4,0
BO:125;0
AC:1,0;2,0;3,0;4,0
BO:126;0
AC:1,1;2,0;3,0;4,0
BO:127;0
AC:1,1;2,0;3,0;4,0
BO:128;0
AC:1,0;2,0;3,0;4,0
BO:129;0
AC:1,5;2,0;3,0;4,0
BO:130;0
AC:1,0;2,0;3,0;4,0
BO:131;0
AC:1,2;2,0;3,0;4,0
BO:132;0
AC:1,2;2,0;3,0;4,0
BO:133;0
AC:1,2;2,0;3,0;4,0
BO:134;0
AC:1,2;2,0;3,0;4,0
BO:135;0
AC:1,0;2,0;3,0;4,0
BO:136;0
AC:1,0;2,0;3,0;4,0
BO:137;0
AC:1,0;2,0;3,0;4,0
BO:138;0
AC:1,1;2,0;3,0;4,0
BO:139;0
AC:1,1;2,0;3,0;4,0
BO:140;0
AC:1,0;2,0;3,0;4,0
BO:141;0
AC:1,5;2,0;3,0;4,0
BO:142;0
AC:1,0;2,0;3,0;4,0
BO:143;0
AC:1,4;2,0;3,0;4,0
BO:144;0
AC:1,4;2,0;3,0;4,0
BO:145;0
AC:1,1;2,0;3,0;4,0
BO:146;0
AC:1,1;2,0;3,0;4,0
BO:147;0
AC:1,0;2,0;3,0;4,0
BO:148;0
AC:1,0;2,0;3,0;4,0
BO:149;0
AC:1,0;2,0;3,0;4,0
BO:150;0
AC:1,3;2,0;3,0;4,0
BO:151;0
AC:1,3;2,0;3,0;4,0
BO:152;0
AC:1,0;2,0;3,0;4,0
BO:153;0
AC:1,5;2,0;3,0;4,0
BO:154;0
AC:1,0;2,0;3,0;4,0
BO:155;0
AC:1,4;2,0;3,0;4,0
BO:156;0
AC:1,4;2,0;3,0;4,0
BO:157;0
AC:1,4;2,0;3,0;4,0
BO:158;0
AC:1,4;2,0;3,0;4,0
BO:159;0
AC:1,0;2,0;3,0;4,0
BO:160;0
AC:1,0;2,0;3,0;4,0
BO:161;0
AC:1,0;2,0;3,0;4,0
BO:162;0
AC:1,3;2,0;3,0;4,0
BO:163;0
AC:1,3;2,0;3,0;4,0
BO:164;0
AC:1,3;2,0;3,0;4,0
BO:165;0
AC:1,0;2,0;3,0;4,0
BO:166;0
AC:1,0;2,0;3,0;4,0
BO:167;0
AC:1,0;2,0;3,0;4,0
BO:168;0
AC:1,0;2,0;3,0;4,0
BO:169;0
AC:1,3;2,0;3,0;4,0
BO:170;0
AC:1,3;2,0;3,0;4,0
BO:171;0
AC:1,4;2,0;3,0;4,0
BO:172;0
AC:1,4;2,0;3,0;4,0
BO:173;0
AC:1,4;2,0;3,0;4,0
BO:174;0
AC:1,2;2,0;3,0;4,0
BO:175;0
AC:1,0;2,0;3,0;4,0
BO:176;0
AC:1,0;2,0;3,0;4,0
BO:177;0
AC:1,2;2,0;3,0;4,0
BO:178;0
AC:1,0;2,0;3,0;4,0
BO:179;0
AC:1,1;2,0;3,0;4,0
BO:180;0
AC:1,0;2,0;3,0;4,0
BO:181;0
AC:1,0;2,0;3,0;4,0
BO:182;0
AC:1,0;2,0;3,0;4,0
BO:183;0
AC:1,2;2,0;3,0;4,0
BO:184;0
AC:1,0;2,0;3,0;4,0
BO:185;0
AC:1,0;2,0;3,0;4,0
BO:186;0
AC:1,0;2,0;3,0;4,0
BO:187;0
AC:1,3;2,0;3,0;4,0
BO:188;0
AC:1,3;2,0;3,0;4,0
BO:189;0
AC:1,4;2,0;3,0;4,0
BO:190;0
AC:1,4;2,0;3,0;4,0
BO:191;0
AC:1,4;2,0;3,0;4,0
BO:192;0
AC:1,3;2,0;3,0;4,0
BO:193;0
AC:1,3;2,0;3,0;4,0
BO:194;0
AC:1,3;2,0;3,0;4,0
BO:195;0
AC:1,4;2,0;3,0;4,0
BO:196;0
AC:1,4;2,0;3,0;4,0
BO:197;0
AC:1,4;2,0;3,0;4,0
BO:198;0
AC:1,3;2,0;3,0;4,0
BO:199;0
AC:1,3;2,0;3,0;4,0
BO:200;0
AC:1,3;2,0;3,0;4,0
BO:201;0
AC:1,4;2,0;3,0;4,0
BO:202;0
AC:1,4;2,0;3,0;4,0
BO:203;0
AC:1,0;2,0;3,0;4,0
BO:204;0
AC:1,3;2,0;3,0;4,0
BO:205;0
AC:1,3;2,0;3,0;4,0
BO:206;0
AC:1,4;2,0;3,0;4,0
BO:207;0
AC:1,4;2,0;3,0;4,0
BO:208;0
AC:1,3;2,0;3,0;4,0
BO:209;0
AC:1,3;2,0;3,0;4,0
BO:210;0
AC:1,3;2,0;3,0;4,0
BO:211;0
AC:1,4;2,0;3,0;4,0
BO:212;0
AC:1,4;2,0;3,0;4,0
BO:213;0
AC:1,4;2,0;3,0;4,0
BO:214;0
AC:1,3;2,0;3,0;4,0
BO:215;0
AC:1,3;2,0;3,0;4,0
BO:216;0
AC:1,4;2,0;3,0;4,0
BO:217;0
AC:1,4;2,0;3,0;4,0
BO:218;0
AC:1,4;2,0;3,0;4,0
BO:219;0
AC:1,3;2,0;3,0;4,0
BO:220;0
AC:1,3;2,0;3,0;4,0
BO:221;0
AC:1,3;2,0;3,0;4,0
BO:222;0
AC:1,4;2,0;3,0;4,0
BO:223;0
AC:1,4;2,0;3,0;4,0
BO:224;0
AC:1,3;2,0;3,0;4,0
BO:225;0
AC:1,3;2,0;3,0;4,0
BO:226;0
AC:1,4;2,0;3,0;4,0
BO:227;0
AC:1,4;2,0;3,0;4,0
BO:228;0
AC:1,4;2,0;3,0;4,0
BO:229;0
AC:1,3;2,0;3,0;4,0
BO:230;0
AC:1,3;2,0;3,0;4,0
BO:231;0
AC:1,4;2,0;3,0;4,0
BO:232;0
AC:1,4;2,0;3,0;4,0
BO:233;0
AC:1,3;2,0;3,0;4,0
BO:234;0
AC:1,3;2,0;3,0;4,0
BO:235;0
AC:1,3;2,0;3,0;4,0
BO:236;0
AC:1,4;2,0;3,0;4,0
BO:237;0
AC:1,4;2,0;3,0;4,0
BO:238;0
AC:1,4;2,0;3,0;4,0
BO:239;0
AC:1,3;2,0;3,0;4,0
BO:240;0
AC:1,3;2,0;3,0;4,0
BO:241;0
AC:1,3;2,0;3,0;4,0
BO:242;0
AC:1,4;2,0;3,0;4,0
BO:243;0
AC:1,4;2,0;3,0;4,0
BO:244;0
AC:1,3;2,0;3,0;4,0
BO:245;0
AC:1,3;2,0;3,0;4,0
BO:246;0
AC:1,4;2,0;3,0;4,0
BO:247;0
AC:1,4;2,0;3,0;4,0
BO:248;0
AC:1,4;2,0;3,0;4,0
BO:249;0
AC:1,3;2,0;3,0;4,0
BO:250;0
AC:1,3;2,0;3,0;4,0
BO:251;0
AC:1,3;2,0;3,0;4,0
BO:252;0
AC:1,4;2,0;3,0;4,0
BO:253;0
AC:1,4;2,0;3,0;4,0
BO:254;0
AC:1,4;2,0;3,0;4,0
BO:255;0
AC:1,3;2,0;3,0;4,0
BO:256;0
AC:1,3;2,0;3,0;4,0
BO:257;0
AC:1,3;2,0;3,0;4,0
BO:258;0
AC:1,4;2,0;3,0;4,0
BO:259;0
AC:1,4;2,0;3,0;4,0
BO:260;0
AC:1,4;2,0;3,0;4,0
BO:261;0
AC:1,3;2,0;3,0;4,0
BO:262;0
AC:1,3;2,0;3,0;4,0
BO:263;0
AC:1,4;2,0;3,0;4,0
BO:264;0
AC:1,4;2,0;3,0;4,0
BO:265;0
AC:1,0;2,0;3,0;4,0
BO:266;0
AC:1,3;2,0;3,0;4,0
BO:267;0
AC:1,3;2,0;3,0;4,0
BO:268;0
AC:1,0;2,0;3,0;4,0
BO:269;0
AC:1,0;2,0;3,0;4,0
BO:270;0
AC:1,0;2,0;3,0;4,0
BO:271;0
AC:1,0;2,0;3,0;4,0
BO:272;0
AC:1,4;2,0;3,0;4,0
BO:273;0
AC:1,0;2,0;3,0;4,0
BO:274;0
AC:1,0;2,0;3,0;4,0
BO:275;0
AC:1,0;2,0;3,0;4,0
BO:276;0
AC:1,0;2,0;3,0;4,0
BO:277;0
AC:1,0;2,0;3,0;4,0
BO:278;0
AC:1,0;2,0;3,0;4,0
BO:279;0
AC:1,0;2,0;3,0;4,0
BO:280;0
AC:1,0;2,0;3,0;4,0
BO:281;0
AC:1,0;2,0;3,0;4,0
BO:282;0
AC:1,0;2,0;3,0;4,0
BO:283;0
AC:1,3;2,0;3,0;4,0
BO:284;0
AC:1,4;2,0;3,0;4,0
BO:285;0
AC:1,4;2,0;3,0;4,0
BO:286;0
AC:1,4;2,0;3,0;4,0
BO:287;0
AC:1,3;2,0;3,0;4,0
BO:288;0
AC:1,3;2,0;3,0;4,0
BO:289;0
AC:1,4;2,0;3,0;4,0
BO:290;0
AC:1,4;2,0;3,0;4,0
BO:291;0
AC:1,0;2,0;3,0;4,0
BO:292;0
AC:1,3;2,0;3,0;4,0
BO:293;0
AC:1,3;2,0;3,0;4,0
BO:294;0
AC:1,0;2,0;3,0;4,0
BO:295;0
AC:1,0;2,0;3,0;4,0
BO:296;0
AC:1,0;2,0;3,0;4,0
BO:297;0
AC:1,0;2,0;3,0;4,0
BO:298;0
AC:1,0;2,0;3,0;4,0
BO:299;0
AC:1,0;2,0;3,0;4,0
BO:300;1;4,5
AC:1,0;2,0;3,0;4,0
BO:301;0
AC:1,0;2,0;3,0;4,0
BO:302;0
AC:1,0;2,0;3,0;4,0
BO:303;0
AC:1,0;2,0;3,0;4,0
BO:304;0
AC:1,0;2,0;3,0;4,0
BO:305;0
AC:1,0;2,0;3,0;4,0
BO:306;0
AC:1,0;2,0;3,0;4,0
BO:307;1;4,5;4,3
AC:1,0;2,0;3,0;4,0
BO:308;0
AC:1,0;2,0;3,0;4,0
BO:309;0
AC:1,0;2,0;3,0;4,0
BO:310;0
AC:1,4;2,0;3,0;4,0
BO:311;0
AC:1,4;2,0;3,0;4,0
BO:312;0
AC:1,2;2,0;3,0;4,0
BO:313;0
AC:1,2;2,0;3,0;4,0
BO:314;1;5,1;6,5;2,5
AC:1,0;2,0;3,0;4,0
BO:315;0
AC:1,1;2,0;3,0;4,0
BO:316;0
AC:1,1;2,0;3,0;4,0
BO:317;0
AC:1,0;2,0;3,0;4,0
BO:318;0
AC:1,0;2,0;3,0;4,0
BO:319;0
AC:1,0;2,0;3,0;4,0
BO:320;0
AC:1,0;2,0;3,0;4,0
BO:321;1;3,7;6,3;7,1;3,5
AC:1,0;2,0;3,0;4,0
BO:322;0
AC:1,0;2,0;3,0;4,0
BO:323;0
AC:1,1;2,0;3,0;4,0
BO:324;0
AC:1,1;2,0;3,0;4,0
BO:325;0
AC:1,1;2,0;3,0;4,0
BO:326;0
AC:1,0;2,0;3,0;4,0
BO:327;0
AC:1,0;3,0;4,0
BO:328;1;2,5;1,3;6,1;6,7;1,2
AC:1,0;3,0;4,0
BO:329;0
AC:1,2;3,0;4,0
BO:330;0
AC:1,0;3,0;4,0
BO:331;0
AC:1,3;3,0;4,0
BO:332;0
AC:1,0;3,0;4,0
BO:333;0
AC:1,0;3,0;4,0
BO:334;0
AC:1,0
BO:335;1;7,5;5,1;5,4;1,6;4,3;7,4
END
